Loading index...
Index loaded: 1000000 points, 128 dims, start=637542
Queries: 10000 x 128
Ground truth: 10000 x 100

=== Search Results (K=10) ===
  Probes       L     Recall@10   Avg Dist Cmps  Avg Latency (us)  P99 Latency (us)
----------------------------------------------------------------------------------
       1      10        0.7775           642.9             341.6             808.3
       1      20        0.8927           883.0             500.5            1192.8
       1      30        0.9326          1099.7             691.4            3263.4
       1      50        0.9659          1509.2             996.8            4059.9
       1      75        0.9816          1987.3            1359.2            5195.3
       1     100        0.9881          2436.3            1665.1            7152.3
       1     150        0.9937          3271.5            2344.5            8169.4
       1     200        0.9960          4046.9            3291.9           17335.1
       2      10        0.8357          1280.0             699.7            2455.7
       2      20        0.9107          1760.8             969.3            3327.2
       2      30        0.9410          2195.3            1239.7            3873.8
       2      50        0.9688          3015.6            1890.4            9705.4
       2      75        0.9823          3972.2            2573.3           11412.4
       2     100        0.9883          4870.4            3278.5           13003.3
       2     150        0.9938          6541.3            4676.6           18396.6
       2     200        0.9960          8092.4            6077.2           17869.1
       3      10        0.8630          1917.4            1086.4            8305.4
       3      20        0.9196          2637.2            1750.1           15374.1
       3      30        0.9455          3289.6            1848.8            8848.2
       3      50        0.9703          4521.0            2787.7           14817.2
       3      75        0.9830          5956.1            3923.6           18417.2
       3     100        0.9887          7304.2            4876.3           18095.8
       3     150        0.9940          9810.1            6909.4           19143.4
       3     200        0.9961         12136.6            9216.8           25404.1
       5      10        0.8939          3189.3            1616.0            7993.2
       5      20        0.9330          4387.9            2499.5           19022.7
       5      30        0.9523          5477.0            2893.5           14979.2
       5      50        0.9728          7530.2            3975.4           13877.6
       5      75        0.9841          9922.6            6150.8           21557.6
       5     100        0.9892         12169.3            8376.5           26585.3
       5     150        0.9942         16345.9           12826.8           39101.2
       5     200        0.9962         20223.3           16510.5           37830.9

Done.
