Loading index...
Index loaded: 1000000 points, 128 dims, start=637542
Queries: 10000 x 128
Ground truth: 10000 x 100

=== Search Results (K=10) ===
  Probes       L     Recall@10   Avg Dist Cmps  Avg Latency (us)  P99 Latency (us)
----------------------------------------------------------------------------------
       1      10        0.7775           642.9             344.2             795.9
       1      20        0.8927           883.0             573.8            3480.1
       1      30        0.9326          1099.7             796.2            8600.9
       1      50        0.9659          1509.2            1058.1            8737.3
       1      75        0.9816          1987.3            1419.3           12561.8
       1     100        0.9881          2436.3            1828.6           16318.6
       1     150        0.9937          3271.5            2615.5           15321.8
       1     200        0.9960          4046.9            3182.6           20525.7
       3      10        0.8630          1917.4            1099.0           10580.0
       3      20        0.9196          2637.2            1526.1           13398.4
       3      30        0.9455          3289.6            1994.2           17985.5
       3      50        0.9703          4521.0            2840.4           18981.4
       3      75        0.9830          5956.1            3862.6           18850.5
       3     100        0.9887          7304.2            5192.4           28849.2
       3     150        0.9940          9810.1            7363.7           25324.8
       3     200        0.9961         12136.6            9702.1           30117.8
       5      10        0.8939          3189.3            1682.3           14506.2
       5      20        0.9330          4387.9            2180.4           13841.6
       5      30        0.9523          5477.0            2942.9           17288.8
       5      50        0.9728          7530.2            4238.9           26198.6
       5      75        0.9841          9922.6            6182.7           27247.1
       5     100        0.9892         12169.3            8291.0           28179.5
       5     150        0.9942         16345.9           12031.5           29793.7
       5     200        0.9962         20223.3           16416.7           36576.7

Done.
