Loading index...
Index loaded: 1000000 points, 128 dims, start=637542
Queries: 10000 x 128
Ground truth: 10000 x 100

=== Search Results (K=10) ===
  Probes       L     Recall@10   Avg Dist Cmps  Avg Latency (us)  P99 Latency (us)
----------------------------------------------------------------------------------
       1      10        0.8664           987.9             569.2            4210.3
       1      20        0.9487          1372.3             966.2           10414.0
       1      30        0.9732          1727.1            1315.0           18875.9
       1      50        0.9896          2390.7            1754.4           15999.6
       1      75        0.9949          3151.4            2476.3           24447.8
       1     100        0.9971          3855.7            3048.9           24345.7
       1     150        0.9986          5147.9            3831.2           19258.8
       1     200        0.9991          6329.2            4828.3           23014.5
       2      10        0.9011          1954.1            1188.9           11394.3
       2      20        0.9558          2717.6            1648.8           11962.3
       2      30        0.9759          3428.8            2090.6           13897.6
       2      50        0.9901          4755.5            3123.6           19146.3
       2      75        0.9950          6276.8            4564.2           25916.4
       2     100        0.9971          7685.7            5328.5           23688.5
       2     150        0.9986         10270.4            7696.3           28149.1
       2     200        0.9991         12632.4           10067.0           34496.8
       3      10        0.9187          2920.8            1590.8           13155.7
       3      20        0.9606          4065.0            2300.7           17067.0
       3      30        0.9777          5131.9            3079.8           20101.0
       3      50        0.9907          7120.9            4582.1           18840.4
       3      75        0.9952          9402.7            6349.2           28935.5
       3     100        0.9973         11516.1            8182.8           31638.9
       3     150        0.9986         15393.1           11129.8           33326.6
       3     200        0.9991         18936.1           13860.6           34734.8
       5      10        0.9379          4849.6            2806.7           19511.5
       5      20        0.9666          6755.6            4006.0           24734.6
       5      30        0.9803          8533.3            5724.2           27602.5
       5      50        0.9915         11847.9            8167.3           28121.3
       5      75        0.9955         15651.6           11740.6           31855.5
       5     100        0.9973         19173.8           16609.7           39794.4
       5     150        0.9986         25636.0           20637.8           43502.3
       5     200        0.9991         31540.8           26583.1           49147.2

Done.
