Loading index...
Index loaded: 1000000 points, 128 dims, start=637542
Queries: 10000 x 128
Ground truth: 10000 x 100

=== Search Results (K=10) ===
  Probes       L     Recall@10   Avg Dist Cmps  Avg Latency (us)  P99 Latency (us)
----------------------------------------------------------------------------------
       1      10        0.7725           676.1             397.7            1111.2
       1      20        0.8832           919.3             517.9            1255.8
       1      30        0.9248          1135.3             669.6            1602.4
       1      50        0.9588          1541.0            1171.1            6608.2
       1      75        0.9756          2013.8            1636.7            9426.2
       1     100        0.9835          2455.8            2171.5           12180.1
       1     150        0.9907          3277.2            2746.6           12637.9
       1     200        0.9939          4037.2            3552.1           20505.5
       2      10        0.8272          1346.0             834.5            2757.7
       2      20        0.9008          1833.6            1246.9            5794.8
       2      30        0.9325          2267.2            1530.4            6066.6
       2      50        0.9614          3081.7            2140.9            7422.2
       2      75        0.9765          4027.5            3006.1           11678.6
       2     100        0.9840          4911.9            3783.1           15470.1
       2     150        0.9908          6555.0            5306.0           19950.6
       2     200        0.9939          8075.4            6791.6           20793.5
       3      10        0.8529          2014.2            1311.9            7403.8
       3      20        0.9106          2746.9            1657.1            6089.5
       3      30        0.9374          3398.7            2064.6            7327.4
       3      50        0.9630          4620.3            3327.3           21761.8
       3      75        0.9772          6039.5            4601.2           17424.0
       3     100        0.9843          7365.9            5622.8           23853.0
       3     150        0.9909          9830.6            8297.9           24852.3
       3     200        0.9940         12111.5           10754.1           30403.0
       5      10        0.8839          3350.7            2192.5           12264.1
       5      20        0.9237          4569.6            2817.6           17650.4
       5      30        0.9448          5658.3            3260.1           13009.8
       5      50        0.9660          7694.0            4666.6           17249.5
       5      75        0.9785         10058.4            6777.5           22083.1
       5     100        0.9850         12270.0            8817.7           21278.7
       5     150        0.9913         16377.9           12547.9           27555.1
       5     200        0.9942         20179.3           17323.6           37266.5

Done.
